    n = 100

+++ Array storing preorder listing of keys
    217 187 166 142 119 125 133 150 159 151 175 190 192 566 393 224 278 239 247
    259 253 263 341 295 311 369 366 343 379 372 390 388 435 433 443 501 445 444
    481 469 461 499 559 515 529 520 540 538 561 650 599 591 574 597 630 617 603
    644 641 633 646 795 674 663 660 747 676 722 708 687 682 703 709 783 757 777
    766 760 785 836 799 796 801 814 892 867 860 859 854 852 841 857 864 889 871
    873 959 925 943 952

+++ Preorder listing of the keys in the constructed tree
    217 187 166 142 119 125 133 150 159 151 175 190 192 566 393 224 278 239 247
    259 253 263 341 295 311 369 366 343 379 372 390 388 435 433 443 501 445 444
    481 469 461 499 559 515 529 520 540 538 561 650 599 591 574 597 630 617 603
    644 641 633 646 795 674 663 660 747 676 722 708 687 682 703 709 783 757 777
    766 760 785 836 799 796 801 814 892 867 860 859 854 852 841 857 864 889 871
    873 959 925 943 952

+++ The constructed tree is a BST...

    Inorder successor of 445 is 461
    Inorder successor of 159 is 166
    Inorder successor of 959 does not exist

    Preorder successor of 343 is 379
    Preorder successor of 192 is 566
    Preorder successor of 952 does not exist
