    N = 100
    K = 40
    19  9 12 11 15  6 15  7  8 15 16 13 16 19 18 14  8 20 20  8 13 11 17  7 18
     5 15 19  7 16 17  5  5  8 11 15  9  6 18 12 16 13 20 11 11 17  5 14 16 20
    17  8 10 14 11  8 14  5  6 16 17 18 16 17  5  7 11  9  8  8 16 19 16 16 10
     7 12 10 16  8  9 13 11 14  6 17 17 15 18 19 11 14 16  6 10 17  8 16  5

*** Part 1: Greedy algorithm
--- Adding connections
    (31,32): 5 (64,65): 5 (46,47): 5 (98,99): 5 (25,26): 5 (57,58): 5 
    (37,38): 6 (84,85): 6 (93,94): 6 ( 5, 6): 6 ( 7, 8): 7 (75,76): 7 
    (23,24): 7 (28,29): 7 (16,17): 8 (33,34): 8 (68,69): 8 (19,20): 8 
    (79,80): 8 (96,97): 8 (51,52): 8 (55,56): 8 ( 1, 2): 9 (77,78):10 
    ( 3, 4):11 (66,67):11 (90,91):11 (82,83):11 (21,22):11 (43,44):11 
    (39,40):12 (41,42):13 (11,12):13 (53,54):14 (35,36):15 (87,88):15 
    ( 9,10):15 (48,49):16 (72,73):16 (62,63):16 
    Total cost = 376

*** Part 2: Greedy algorithm with error correction
--- Adding connections
    ( 1, 2): 9 ( 3, 4):11 ( 5, 6): 6 ( 7, 8): 7 ( 9,10):15 (11,12):13 
    (16,17): 8 (19,20): 8 (21,22):11 (23,24): 7 (25,26): 5 (28,29): 7 
    (31,32): 5 (33,34): 8 (35,36):15 (37,38): 6 (39,40):12 (41,42):13 
    (43,44):11 (46,47): 5 (48,49):16 (51,52): 8 (53,54):14 (55,56): 8 
    (57,58): 5 (59,60):16 (64,65): 5 (67,68): 9 (69,70): 8 (72,73):16 
    (75,76): 7 (77,78):10 (79,80): 8 (82,83):11 (84,85): 6 (87,88):15 
    (90,91):11 (93,94): 6 (96,97): 8 (98,99): 5 
    Total cost = 374
